x
-1.000000000000000 1.000000000000000
1 -88.00000000000000 0.000000000000000
2 -75.00000000000000 0.000000000000000
3 -87.00000000000000 0.000000000000000
4 -70.00000000000000 0.000000000000000
5 -78.00000000000000 0.000000000000000
6 -84.00000000000000 0.000000000000000
7 -91.00000000000000 0.000000000000000
8 -91.00000000000000 0.000000000000000
9 -92.00000000000000 0.000000000000000
10 -92.00000000000000 0.000000000000000
11 -72.00000000000000 0.000000000000000
12 -90.00000000000000 0.000000000000000
13 -89.00000000000000 0.000000000000000
14 -82.00000000000000 0.000000000000000
15 -83.00000000000000 0.000000000000000
16 -91.00000000000000 0.000000000000000
17 -88.00000000000000 0.000000000000000
18 -69.00000000000000 0.000000000000000
19 -89.00000000000000 0.000000000000000
20 -86.00000000000000 0.000000000000000
21 -69.00000000000000 0.000000000000000
22 -62.00000000000000 0.000000000000000
23 -86.00000000000000 0.000000000000000
24 -75.00000000000000 0.000000000000000
25 -75.00000000000000 0.000000000000000
26 -72.00000000000000 0.000000000000000
27 -78.00000000000000 0.000000000000000
28 -86.00000000000000 0.000000000000000
29 -81.00000000000000 0.000000000000000
30 -88.00000000000000 0.000000000000000
31 -86.00000000000000 0.000000000000000
32 -92.00000000000000 0.000000000000000
33 -92.00000000000000 0.000000000000000
34 -92.00000000000000 0.000000000000000
35 -67.00000000000000 0.000000000000000
36 -53.00000000000000 0.000000000000000
37 -85.00000000000000 0.000000000000000
38 -92.00000000000000 0.000000000000000
39 -60.00000000000000 0.000000000000000
40 -83.00000000000000 0.000000000000000
41 -85.00000000000000 0.000000000000000
42 -90.00000000000000 0.000000000000000
43 -87.00000000000000 0.000000000000000
44 -90.00000000000000 0.000000000000000
45 -67.00000000000000 0.000000000000000
46 -84.00000000000000 0.000000000000000
47 -89.00000000000000 0.000000000000000
48 -72.00000000000000 0.000000000000000
49 -68.00000000000000 0.000000000000000
50 -70.00000000000000 0.000000000000000
51 -87.00000000000000 0.000000000000000
52 -86.00000000000000 0.000000000000000
53 -88.00000000000000 0.000000000000000
54 -75.00000000000000 0.000000000000000
55 -71.00000000000000 0.000000000000000
56 -90.00000000000000 0.000000000000000
57 -89.00000000000000 0.000000000000000
58 -88.00000000000000 0.000000000000000
59 -92.00000000000000 0.000000000000000
60 -72.00000000000000 0.000000000000000
61 -90.00000000000000 0.000000000000000
62 -67.00000000000000 0.000000000000000
63 -88.00000000000000 0.000000000000000
64 -81.00000000000000 0.000000000000000
65 -90.00000000000000 0.000000000000000
66 -77.00000000000000 0.000000000000000
67 -85.00000000000000 0.000000000000000
68 -75.00000000000000 0.000000000000000
69 -89.00000000000000 0.000000000000000
70 -78.00000000000000 0.000000000000000
71 -78.00000000000000 0.000000000000000
72 -83.00000000000000 0.000000000000000
73 -78.00000000000000 0.000000000000000
74 -81.00000000000000 0.000000000000000
75 -75.00000000000000 0.000000000000000
76 -82.00000000000000 0.000000000000000
77 -83.00000000000000 0.000000000000000
78 -87.00000000000000 0.000000000000000
79 -89.00000000000000 0.000000000000000
80 -90.00000000000000 0.000000000000000
81 -78.00000000000000 0.000000000000000
82 -91.00000000000000 0.000000000000000
83 -85.00000000000000 0.000000000000000
84 -91.00000000000000 0.000000000000000
85 -92.00000000000000 0.000000000000000
86 -93.00000000000000 0.000000000000000
87 -91.00000000000000 0.000000000000000
88 -87.00000000000000 0.000000000000000
89 -64.00000000000000 0.000000000000000
90 -77.00000000000000 0.000000000000000
91 -89.00000000000000 0.000000000000000
92 -91.00000000000000 0.000000000000000
93 -92.00000000000000 0.000000000000000
94 -67.00000000000000 0.000000000000000
95 -79.00000000000000 0.000000000000000
96 -84.00000000000000 0.000000000000000
97 -66.00000000000000 0.000000000000000
98 -75.00000000000000 0.000000000000000
99 -79.00000000000000 0.000000000000000
100 -84.00000000000000 0.000000000000000
101 -89.00000000000000 0.000000000000000
102 -86.00000000000000 0.000000000000000
103 -80.00000000000000 0.000000000000000
104 -88.00000000000000 0.000000000000000
105 -68.00000000000000 0.000000000000000
106 -86.00000000000000 0.000000000000000
107 -79.00000000000000 0.000000000000000
108 -89.00000000000000 0.000000000000000
109 -90.00000000000000 0.000000000000000
110 -91.00000000000000 0.000000000000000
111 -72.00000000000000 0.000000000000000
112 -92.00000000000000 0.000000000000000
113 -82.00000000000000 0.000000000000000
114 -81.00000000000000 0.000000000000000
115 -89.00000000000000 0.000000000000000
116 -89.00000000000000 0.000000000000000
117 -87.00000000000000 0.000000000000000
118 -92.00000000000000 0.000000000000000
119 -91.00000000000000 0.000000000000000
120 -82.00000000000000 0.000000000000000
121 -91.00000000000000 0.000000000000000
122 -91.00000000000000 0.000000000000000
123 -92.00000000000000 0.000000000000000
124 -84.00000000000000 0.000000000000000
125 -91.00000000000000 0.000000000000000
126 -92.00000000000000 0.000000000000000
127 -90.00000000000000 0.000000000000000
128 -81.00000000000000 0.000000000000000
129 -90.00000000000000 0.000000000000000
130 -84.00000000000000 0.000000000000000
131 -88.00000000000000 0.000000000000000
132 -91.00000000000000 0.000000000000000
133 -84.00000000000000 0.000000000000000
134 -74.00000000000000 0.000000000000000
135 -87.00000000000000 0.000000000000000
136 -91.00000000000000 0.000000000000000
137 -91.00000000000000 0.000000000000000
138 -90.00000000000000 0.000000000000000
139 -67.00000000000000 0.000000000000000
140 -75.00000000000000 0.000000000000000
141 -75.00000000000000 0.000000000000000
142 -92.00000000000000 0.000000000000000
143 -92.00000000000000 0.000000000000000
144 -91.00000000000000 0.000000000000000
145 -92.00000000000000 0.000000000000000
146 -71.00000000000000 0.000000000000000
147 -83.00000000000000 0.000000000000000
148 -93.00000000000000 0.000000000000000
149 -91.00000000000000 0.000000000000000
150 -91.00000000000000 0.000000000000000
151 -71.00000000000000 0.000000000000000
152 -79.00000000000000 0.000000000000000
153 -88.00000000000000 0.000000000000000
154 -92.00000000000000 0.000000000000000
155 -92.00000000000000 0.000000000000000
156 -86.00000000000000 0.000000000000000
157 -87.00000000000000 0.000000000000000
158 -81.00000000000000 0.000000000000000
159 -88.00000000000000 0.000000000000000
160 -93.00000000000000 0.000000000000000
161 -80.00000000000000 0.000000000000000
162 -82.00000000000000 0.000000000000000
163 -83.00000000000000 0.000000000000000
164 -86.00000000000000 0.000000000000000
165 -86.00000000000000 0.000000000000000
166 -89.00000000000000 0.000000000000000
167 -89.00000000000000 0.000000000000000
168 -89.00000000000000 0.000000000000000
169 -90.00000000000000 0.000000000000000
170 -92.00000000000000 0.000000000000000
171 -89.00000000000000 0.000000000000000
172 -88.00000000000000 0.000000000000000
173 -83.00000000000000 0.000000000000000
174 -85.00000000000000 0.000000000000000
175 -82.00000000000000 0.000000000000000
176 -79.00000000000000 0.000000000000000
177 -91.00000000000000 0.000000000000000
178 -91.00000000000000 0.000000000000000
179 -87.00000000000000 0.000000000000000
180 -90.00000000000000 0.000000000000000
181 -85.00000000000000 0.000000000000000
182 -91.00000000000000 0.000000000000000
183 -64.00000000000000 0.000000000000000
184 -86.00000000000000 0.000000000000000
185 -91.00000000000000 0.000000000000000
186 -89.00000000000000 0.000000000000000
187 -90.00000000000000 0.000000000000000
188 -83.00000000000000 0.000000000000000
189 -73.00000000000000 0.000000000000000
190 -86.00000000000000 0.000000000000000
191 -79.00000000000000 0.000000000000000
192 -82.00000000000000 0.000000000000000
193 -85.00000000000000 0.000000000000000
194 -88.00000000000000 0.000000000000000
195 -90.00000000000000 0.000000000000000
196 -92.00000000000000 0.000000000000000
197 -85.00000000000000 0.000000000000000
198 -89.00000000000000 0.000000000000000
199 -89.00000000000000 0.000000000000000
200 -91.00000000000000 0.000000000000000
201 -85.00000000000000 0.000000000000000
202 -88.00000000000000 0.000000000000000
203 -89.00000000000000 0.000000000000000
204 -90.00000000000000 0.000000000000000
205 -91.00000000000000 0.000000000000000
206 -93.00000000000000 0.000000000000000
207 -87.00000000000000 0.000000000000000
208 -90.00000000000000 0.000000000000000
209 -89.00000000000000 0.000000000000000
210 -78.00000000000000 0.000000000000000
211 -82.00000000000000 0.000000000000000
212 -87.00000000000000 0.000000000000000
213 -86.00000000000000 0.000000000000000
214 -91.00000000000000 0.000000000000000
215 -90.00000000000000 0.000000000000000
216 -78.00000000000000 0.000000000000000
217 -85.00000000000000 0.000000000000000
218 -85.00000000000000 0.000000000000000
219 -88.00000000000000 0.000000000000000
220 -89.00000000000000 0.000000000000000
221 -81.00000000000000 0.000000000000000
222 -86.00000000000000 0.000000000000000
223 -81.00000000000000 0.000000000000000
224 -82.00000000000000 0.000000000000000
225 -83.00000000000000 0.000000000000000
226 -92.00000000000000 0.000000000000000
227 -90.00000000000000 0.000000000000000
228 -73.00000000000000 0.000000000000000
230 -57.00000000000000 0.000000000000000
231 -81.00000000000000 0.000000000000000
232 -73.00000000000000 0.000000000000000
233 -85.00000000000000 0.000000000000000
234 -88.00000000000000 0.000000000000000
235 -90.00000000000000 0.000000000000000
236 -89.00000000000000 0.000000000000000
237 -94.00000000000000 0.000000000000000
238 -86.00000000000000 0.000000000000000
239 -89.00000000000000 0.000000000000000
240 -87.00000000000000 0.000000000000000
241 -92.00000000000000 0.000000000000000
242 -87.00000000000000 0.000000000000000
243 -81.00000000000000 0.000000000000000
244 -90.00000000000000 0.000000000000000
245 -87.00000000000000 0.000000000000000
246 -89.00000000000000 0.000000000000000
247 -91.00000000000000 0.000000000000000
248 -85.00000000000000 0.000000000000000
249 -81.00000000000000 0.000000000000000
250 -89.00000000000000 0.000000000000000
251 -88.00000000000000 0.000000000000000
252 -90.00000000000000 0.000000000000000
253 -92.00000000000000 0.000000000000000
254 -87.00000000000000 0.000000000000000
255 -69.00000000000000 0.000000000000000
256 -88.00000000000000 0.000000000000000
257 -91.00000000000000 0.000000000000000
258 -86.00000000000000 0.000000000000000
259 -91.00000000000000 0.000000000000000
260 -89.00000000000000 0.000000000000000
261 -86.00000000000000 0.000000000000000
262 -78.00000000000000 0.000000000000000
263 -90.00000000000000 0.000000000000000
264 -86.00000000000000 0.000000000000000
265 -86.00000000000000 0.000000000000000
266 -92.00000000000000 0.000000000000000
267 -91.00000000000000 0.000000000000000
268 -91.00000000000000 0.000000000000000
269 -88.00000000000000 0.000000000000000
270 -89.00000000000000 0.000000000000000
271 -85.00000000000000 0.000000000000000
272 -82.00000000000000 0.000000000000000
273 -92.00000000000000 0.000000000000000
274 -93.00000000000000 0.000000000000000
275 -89.00000000000000 0.000000000000000
276 -90.00000000000000 0.000000000000000
278 -78.00000000000000 0.000000000000000
279 -93.00000000000000 0.000000000000000
280 -94.00000000000000 0.000000000000000
281 -70.00000000000000 0.000000000000000
282 -90.00000000000000 0.000000000000000
283 -89.00000000000000 0.000000000000000
284 -85.00000000000000 0.000000000000000
285 -85.00000000000000 0.000000000000000
286 -84.00000000000000 0.000000000000000
287 -84.00000000000000 0.000000000000000
288 -89.00000000000000 0.000000000000000
289 -92.00000000000000 0.000000000000000
290 -69.00000000000000 0.000000000000000
291 -90.00000000000000 0.000000000000000
292 -77.00000000000000 0.000000000000000
293 -89.00000000000000 0.000000000000000
294 -82.00000000000000 0.000000000000000
295 -82.00000000000000 0.000000000000000
296 -91.00000000000000 0.000000000000000
297 -88.00000000000000 0.000000000000000
298 -93.00000000000000 0.000000000000000
299 -90.00000000000000 0.000000000000000
300 -78.00000000000000 0.000000000000000
301 -78.00000000000000 0.000000000000000
302 -84.00000000000000 0.000000000000000
303 -84.00000000000000 0.000000000000000
304 -88.00000000000000 0.000000000000000
305 -90.00000000000000 0.000000000000000
306 -63.00000000000000 0.000000000000000
307 -72.00000000000000 0.000000000000000
308 -86.00000000000000 0.000000000000000
309 -86.00000000000000 0.000000000000000
310 -81.00000000000000 0.000000000000000
311 -83.00000000000000 0.000000000000000
312 -86.00000000000000 0.000000000000000
313 -86.00000000000000 0.000000000000000
314 -84.00000000000000 0.000000000000000
315 -69.00000000000000 0.000000000000000
316 -74.00000000000000 0.000000000000000
317 -90.00000000000000 0.000000000000000
318 -87.00000000000000 0.000000000000000
319 -68.00000000000000 0.000000000000000
320 -90.00000000000000 0.000000000000000
321 -90.00000000000000 0.000000000000000
322 -90.00000000000000 0.000000000000000
323 -68.00000000000000 0.000000000000000
324 -83.00000000000000 0.000000000000000
325 -89.00000000000000 0.000000000000000
326 -90.00000000000000 0.000000000000000
327 -92.00000000000000 0.000000000000000
328 -92.00000000000000 0.000000000000000
329 -82.00000000000000 0.000000000000000
330 -83.00000000000000 0.000000000000000
331 -64.00000000000000 0.000000000000000
332 -80.00000000000000 0.000000000000000
333 -80.00000000000000 0.000000000000000
334 -80.00000000000000 0.000000000000000
335 -76.00000000000000 0.000000000000000
336 -91.00000000000000 0.000000000000000
338 -47.00000000000000 0.000000000000000
339 -76.00000000000000 0.000000000000000
340 -70.00000000000000 0.000000000000000
341 -77.00000000000000 0.000000000000000
342 -88.00000000000000 0.000000000000000
344 -77.00000000000000 0.000000000000000
345 -86.00000000000000 0.000000000000000
346 -91.00000000000000 0.000000000000000
347 -87.00000000000000 0.000000000000000
348 -81.00000000000000 0.000000000000000
349 -84.00000000000000 0.000000000000000
350 -85.00000000000000 0.000000000000000
351 -90.00000000000000 0.000000000000000
352 -83.00000000000000 0.000000000000000
353 -84.00000000000000 0.000000000000000
354 -93.00000000000000 0.000000000000000
355 -78.00000000000000 0.000000000000000
356 -86.00000000000000 0.000000000000000
357 -84.00000000000000 0.000000000000000
358 -91.00000000000000 0.000000000000000
359 -91.00000000000000 0.000000000000000
360 -92.00000000000000 0.000000000000000
361 -86.00000000000000 0.000000000000000
362 -91.00000000000000 0.000000000000000
363 -85.00000000000000 0.000000000000000
364 -86.00000000000000 0.000000000000000
365 -84.00000000000000 0.000000000000000
366 -83.00000000000000 0.000000000000000
367 -86.00000000000000 0.000000000000000
368 -83.00000000000000 0.000000000000000
369 -90.00000000000000 0.000000000000000
370 -81.00000000000000 0.000000000000000
371 -86.00000000000000 0.000000000000000
372 -85.00000000000000 0.000000000000000
373 -92.00000000000000 0.000000000000000
374 -90.00000000000000 0.000000000000000
375 -67.00000000000000 0.000000000000000
376 -74.00000000000000 0.000000000000000
377 -91.00000000000000 0.000000000000000
378 -74.00000000000000 0.000000000000000
379 -84.00000000000000 0.000000000000000
380 -88.00000000000000 0.000000000000000
381 -90.00000000000000 0.000000000000000
382 -88.00000000000000 0.000000000000000
383 -80.00000000000000 0.000000000000000
384 -89.00000000000000 0.000000000000000
385 -91.00000000000000 0.000000000000000
386 -86.00000000000000 0.000000000000000
387 -83.00000000000000 0.000000000000000
388 -87.00000000000000 0.000000000000000
390 -64.00000000000000 0.000000000000000
391 -78.00000000000000 0.000000000000000
392 -86.00000000000000 0.000000000000000
393 -89.00000000000000 0.000000000000000
394 -83.00000000000000 0.000000000000000
395 -89.00000000000000 0.000000000000000
396 -90.00000000000000 0.000000000000000
397 -88.00000000000000 0.000000000000000
398 -84.00000000000000 0.000000000000000
399 -88.00000000000000 0.000000000000000
400 -89.00000000000000 0.000000000000000
401 -86.00000000000000 0.000000000000000
402 -67.00000000000000 0.000000000000000
403 -80.00000000000000 0.000000000000000
404 -78.00000000000000 0.000000000000000
405 -91.00000000000000 0.000000000000000
406 -74.00000000000000 0.000000000000000
407 -87.00000000000000 0.000000000000000
408 -90.00000000000000 0.000000000000000
409 -83.00000000000000 0.000000000000000
410 -56.00000000000000 0.000000000000000
411 -68.00000000000000 0.000000000000000
412 -82.00000000000000 0.000000000000000
413 -83.00000000000000 0.000000000000000
414 -82.00000000000000 0.000000000000000
415 -67.00000000000000 0.000000000000000
416 -79.00000000000000 0.000000000000000
417 -88.00000000000000 0.000000000000000
418 -88.00000000000000 0.000000000000000
419 -92.00000000000000 0.000000000000000
420 -91.00000000000000 0.000000000000000
421 -92.00000000000000 0.000000000000000
422 -79.00000000000000 0.000000000000000
423 -83.00000000000000 0.000000000000000
424 -87.00000000000000 0.000000000000000
425 -88.00000000000000 0.000000000000000
426 -88.00000000000000 0.000000000000000
427 -89.00000000000000 0.000000000000000
428 -89.00000000000000 0.000000000000000
429 -93.00000000000000 0.000000000000000
430 -91.00000000000000 0.000000000000000
431 -86.00000000000000 0.000000000000000
432 -92.00000000000000 0.000000000000000
433 -93.00000000000000 0.000000000000000
434 -92.00000000000000 0.000000000000000
435 -86.00000000000000 0.000000000000000
436 -91.00000000000000 0.000000000000000
437 -87.00000000000000 0.000000000000000
438 -91.00000000000000 0.000000000000000
439 -90.00000000000000 0.000000000000000
440 -88.00000000000000 0.000000000000000
441 -90.00000000000000 0.000000000000000
442 -92.00000000000000 0.000000000000000
443 -91.00000000000000 0.000000000000000
444 -91.00000000000000 0.000000000000000
445 -87.00000000000000 0.000000000000000
446 -87.00000000000000 0.000000000000000
447 -86.00000000000000 0.000000000000000
448 -70.00000000000000 0.000000000000000
449 -84.00000000000000 0.000000000000000
450 -91.00000000000000 0.000000000000000
451 -73.00000000000000 0.000000000000000
452 -86.00000000000000 0.000000000000000
453 -78.00000000000000 0.000000000000000
454 -84.00000000000000 0.000000000000000
455 -81.00000000000000 0.000000000000000
456 -69.00000000000000 0.000000000000000
457 -92.00000000000000 0.000000000000000
458 -68.00000000000000 0.000000000000000
459 -85.00000000000000 0.000000000000000
460 -88.00000000000000 0.000000000000000
461 -68.00000000000000 0.000000000000000
462 -84.00000000000000 0.000000000000000
463 -88.00000000000000 0.000000000000000
464 -91.00000000000000 0.000000000000000
465 -92.00000000000000 0.000000000000000
466 -87.00000000000000 0.000000000000000
467 -88.00000000000000 0.000000000000000
468 -90.00000000000000 0.000000000000000
469 -92.00000000000000 0.000000000000000
470 -87.00000000000000 0.000000000000000
471 -86.00000000000000 0.000000000000000
472 -88.00000000000000 0.000000000000000
473 -92.00000000000000 0.000000000000000
474 -86.00000000000000 0.000000000000000
475 -77.00000000000000 0.000000000000000
476 -74.00000000000000 0.000000000000000
477 -91.00000000000000 0.000000000000000
478 -64.00000000000000 0.000000000000000
479 -86.00000000000000 0.000000000000000
480 -92.00000000000000 0.000000000000000
481 -77.00000000000000 0.000000000000000
482 -87.00000000000000 0.000000000000000
483 -88.00000000000000 0.000000000000000
485 -62.00000000000000 0.000000000000000
486 -57.00000000000000 0.000000000000000
487 -62.00000000000000 0.000000000000000
488 -71.00000000000000 0.000000000000000
489 -76.00000000000000 0.000000000000000
490 -77.00000000000000 0.000000000000000
491 -92.00000000000000 0.000000000000000
492 -69.00000000000000 0.000000000000000
493 -76.00000000000000 0.000000000000000
494 -91.00000000000000 0.000000000000000
495 -78.00000000000000 0.000000000000000
496 -79.00000000000000 0.000000000000000
498 -84.00000000000000 0.000000000000000
499 -84.00000000000000 0.000000000000000
500 -66.00000000000000 0.000000000000000
501 -79.00000000000000 0.000000000000000
502 -74.00000000000000 0.000000000000000
503 -87.00000000000000 0.000000000000000
504 -92.00000000000000 0.000000000000000
505 -92.00000000000000 0.000000000000000
506 -91.00000000000000 0.000000000000000
507 -86.00000000000000 0.000000000000000
508 -78.00000000000000 0.000000000000000
509 -82.00000000000000 0.000000000000000
510 -90.00000000000000 0.000000000000000
511 -86.00000000000000 0.000000000000000
512 -88.00000000000000 0.000000000000000
513 -89.00000000000000 0.000000000000000
514 -74.00000000000000 0.000000000000000
515 -80.00000000000000 0.000000000000000
516 -71.00000000000000 0.000000000000000
517 -48.00000000000000 0.000000000000000
518 -40.00000000000000 0.000000000000000
519 -51.00000000000000 0.000000000000000
520 -74.00000000000000 0.000000000000000
521 -76.00000000000000 0.000000000000000
522 -74.00000000000000 0.000000000000000
523 -74.00000000000000 0.000000000000000
525 -76.00000000000000 0.000000000000000
526 -84.00000000000000 0.000000000000000
527 -86.00000000000000 0.000000000000000
528 -86.00000000000000 0.000000000000000
529 -90.00000000000000 0.000000000000000
530 -77.00000000000000 0.000000000000000
531 -76.00000000000000 0.000000000000000
532 -77.00000000000000 0.000000000000000
533 -73.00000000000000 0.000000000000000
534 -80.00000000000000 0.000000000000000
535 -79.00000000000000 0.000000000000000
536 -73.00000000000000 0.000000000000000
537 -73.00000000000000 0.000000000000000
538 -80.00000000000000 0.000000000000000
539 -80.00000000000000 0.000000000000000
540 -90.00000000000000 0.000000000000000
541 -85.00000000000000 0.000000000000000
542 -65.00000000000000 0.000000000000000
543 -67.00000000000000 0.000000000000000
544 -86.00000000000000 0.000000000000000
545 -76.00000000000000 0.000000000000000
546 -90.00000000000000 0.000000000000000
